63535 324367 3000 63535 324367 3500
63585 324367 3000 63585 324367 3500
63635 324367 3000 63635 324367 3500
63685 324367 3000 63685 324367 3500
63735 324367 3000 63735 324367 3500
63785 324367 3000 63785 324367 3500
63835 324367 3000 63835 324367 3500
63885 324367 3000 63885 324367 3500
63935 324367 3000 63935 324367 3500
63985 324367 3000 63985 324367 3500
64035 324367 3000 64035 324367 3500
64085 324367 3000 64085 324367 3500
64135 324367 3000 64135 324367 3500
64185 324367 3000 64185 324367 3500
64235 324367 3000 64235 324367 3500
64285 324367 3000 64285 324367 3500
64335 324367 3000 64335 324367 3500
64385 324367 3000 64385 324367 3500
64435 324367 3000 64435 324367 3500
64485 324367 3000 64485 324367 3500
64535 324367 3000 64535 324367 3500
63535 324417 3000 63535 324417 3500
63585 324417 3000 63585 324417 3500
63635 324417 3000 63635 324417 3500
63685 324417 3000 63685 324417 3500
63735 324417 3000 63735 324417 3500
63785 324417 3000 63785 324417 3500
63835 324417 3000 63835 324417 3500
63885 324417 3000 63885 324417 3500
63935 324417 3000 63935 324417 3500
63985 324417 3000 63985 324417 3500
64035 324417 3000 64035 324417 3500
64085 324417 3000 64085 324417 3500
64135 324417 3000 64135 324417 3500
64185 324417 3000 64185 324417 3500
64235 324417 3000 64235 324417 3500
64285 324417 3000 64285 324417 3500
64335 324417 3000 64335 324417 3500
64385 324417 3000 64385 324417 3500
64435 324417 3000 64435 324417 3500
64485 324417 3000 64485 324417 3500
64535 324417 3000 64535 324417 3500
63535 324467 3000 63535 324467 3500
63585 324467 3000 63585 324467 3500
63635 324467 3000 63635 324467 3500
63685 324467 3000 63685 324467 3500
63735 324467 3000 63735 324467 3500
63785 324467 3000 63785 324467 3500
63835 324467 3000 63835 324467 3500
63885 324467 3000 63885 324467 3500
63935 324467 3000 63935 324467 3500
63985 324467 3000 63985 324467 3500
64035 324467 3000 64035 324467 3500
64085 324467 3000 64085 324467 3500
64135 324467 3000 64135 324467 3500
64185 324467 3000 64185 324467 3500
64235 324467 3000 64235 324467 3500
64285 324467 3000 64285 324467 3500
64335 324467 3000 64335 324467 3500
64385 324467 3000 64385 324467 3500
64435 324467 3000 64435 324467 3500
64485 324467 3000 64485 324467 3500
64535 324467 3000 64535 324467 3500
63535 324517 3000 63535 324517 3500
63585 324517 3000 63585 324517 3500
63635 324517 3000 63635 324517 3500
63685 324517 3000 63685 324517 3500
63735 324517 3000 63735 324517 3500
63785 324517 3000 63785 324517 3500
63835 324517 3000 63835 324517 3500
63885 324517 3000 63885 324517 3500
63935 324517 3000 63935 324517 3500
63985 324517 3000 63985 324517 3500
64035 324517 3000 64035 324517 3500
64085 324517 3000 64085 324517 3500
64135 324517 3000 64135 324517 3500
64185 324517 3000 64185 324517 3500
64235 324517 3000 64235 324517 3500
64285 324517 3000 64285 324517 3500
64335 324517 3000 64335 324517 3500
64385 324517 3000 64385 324517 3500
64435 324517 3000 64435 324517 3500
64485 324517 3000 64485 324517 3500
64535 324517 3000 64535 324517 3500
63535 324567 3000 63535 324567 3500
63585 324567 3000 63585 324567 3500
63635 324567 3000 63635 324567 3500
63685 324567 3000 63685 324567 3500
63735 324567 3000 63735 324567 3500
63785 324567 3000 63785 324567 3500
63835 324567 3000 63835 324567 3500
63885 324567 3000 63885 324567 3500
63935 324567 3000 63935 324567 3500
63985 324567 3000 63985 324567 3500
64035 324567 3000 64035 324567 3500
64085 324567 3000 64085 324567 3500
64135 324567 3000 64135 324567 3500
64185 324567 3000 64185 324567 3500
64235 324567 3000 64235 324567 3500
64285 324567 3000 64285 324567 3500
64335 324567 3000 64335 324567 3500
64385 324567 3000 64385 324567 3500
64435 324567 3000 64435 324567 3500
64485 324567 3000 64485 324567 3500
64535 324567 3000 64535 324567 3500
63535 324617 3000 63535 324617 3500
63585 324617 3000 63585 324617 3500
63635 324617 3000 63635 324617 3500
63685 324617 3000 63685 324617 3500
63735 324617 3000 63735 324617 3500
63785 324617 3000 63785 324617 3500
63835 324617 3000 63835 324617 3500
63885 324617 3000 63885 324617 3500
63935 324617 3000 63935 324617 3500
63985 324617 3000 63985 324617 3500
64035 324617 3000 64035 324617 3500
64085 324617 3000 64085 324617 3500
64135 324617 3000 64135 324617 3500
64185 324617 3000 64185 324617 3500
64235 324617 3000 64235 324617 3500
64285 324617 3000 64285 324617 3500
64335 324617 3000 64335 324617 3500
64385 324617 3000 64385 324617 3500
64435 324617 3000 64435 324617 3500
64485 324617 3000 64485 324617 3500
64535 324617 3000 64535 324617 3500
63535 324667 3000 63535 324667 3500
63585 324667 3000 63585 324667 3500
63635 324667 3000 63635 324667 3500
63685 324667 3000 63685 324667 3500
63735 324667 3000 63735 324667 3500
63785 324667 3000 63785 324667 3500
63835 324667 3000 63835 324667 3500
63885 324667 3000 63885 324667 3500
63935 324667 3000 63935 324667 3500
63985 324667 3000 63985 324667 3500
64035 324667 3000 64035 324667 3500
64085 324667 3000 64085 324667 3500
64135 324667 3000 64135 324667 3500
64185 324667 3000 64185 324667 3500
64235 324667 3000 64235 324667 3500
64285 324667 3000 64285 324667 3500
64335 324667 3000 64335 324667 3500
64385 324667 3000 64385 324667 3500
64435 324667 3000 64435 324667 3500
64485 324667 3000 64485 324667 3500
64535 324667 3000 64535 324667 3500
63535 324717 3000 63535 324717 3500
63585 324717 3000 63585 324717 3500
63635 324717 3000 63635 324717 3500
63685 324717 3000 63685 324717 3500
63735 324717 3000 63735 324717 3500
63785 324717 3000 63785 324717 3500
63835 324717 3000 63835 324717 3500
63885 324717 3000 63885 324717 3500
63935 324717 3000 63935 324717 3500
63985 324717 3000 63985 324717 3500
64035 324717 3000 64035 324717 3500
64085 324717 3000 64085 324717 3500
64135 324717 3000 64135 324717 3500
64185 324717 3000 64185 324717 3500
64235 324717 3000 64235 324717 3500
64285 324717 3000 64285 324717 3500
64335 324717 3000 64335 324717 3500
64385 324717 3000 64385 324717 3500
64435 324717 3000 64435 324717 3500
64485 324717 3000 64485 324717 3500
64535 324717 3000 64535 324717 3500
63535 324767 3000 63535 324767 3500
63585 324767 3000 63585 324767 3500
63635 324767 3000 63635 324767 3500
63685 324767 3000 63685 324767 3500
63735 324767 3000 63735 324767 3500
63785 324767 3000 63785 324767 3500
63835 324767 3000 63835 324767 3500
63885 324767 3000 63885 324767 3500
63935 324767 3000 63935 324767 3500
63985 324767 3000 63985 324767 3500
64035 324767 3000 64035 324767 3500
64085 324767 3000 64085 324767 3500
64135 324767 3000 64135 324767 3500
64185 324767 3000 64185 324767 3500
64235 324767 3000 64235 324767 3500
64285 324767 3000 64285 324767 3500
64335 324767 3000 64335 324767 3500
64385 324767 3000 64385 324767 3500
64435 324767 3000 64435 324767 3500
64485 324767 3000 64485 324767 3500
64535 324767 3000 64535 324767 3500
63535 324817 3000 63535 324817 3500
63585 324817 3000 63585 324817 3500
63635 324817 3000 63635 324817 3500
63685 324817 3000 63685 324817 3500
63735 324817 3000 63735 324817 3500
63785 324817 3000 63785 324817 3500
63835 324817 3000 63835 324817 3500
63885 324817 3000 63885 324817 3500
63935 324817 3000 63935 324817 3500
63985 324817 3000 63985 324817 3500
64035 324817 3000 64035 324817 3500
64085 324817 3000 64085 324817 3500
64135 324817 3000 64135 324817 3500
64185 324817 3000 64185 324817 3500
64235 324817 3000 64235 324817 3500
64285 324817 3000 64285 324817 3500
64335 324817 3000 64335 324817 3500
64385 324817 3000 64385 324817 3500
64435 324817 3000 64435 324817 3500
64485 324817 3000 64485 324817 3500
64535 324817 3000 64535 324817 3500
63535 324867 3000 63535 324867 3500
63585 324867 3000 63585 324867 3500
63635 324867 3000 63635 324867 3500
63685 324867 3000 63685 324867 3500
63735 324867 3000 63735 324867 3500
63785 324867 3000 63785 324867 3500
63835 324867 3000 63835 324867 3500
63885 324867 3000 63885 324867 3500
63935 324867 3000 63935 324867 3500
63985 324867 3000 63985 324867 3500
64035 324867 3000 64035 324867 3500
64085 324867 3000 64085 324867 3500
64135 324867 3000 64135 324867 3500
64185 324867 3000 64185 324867 3500
64235 324867 3000 64235 324867 3500
64285 324867 3000 64285 324867 3500
64335 324867 3000 64335 324867 3500
64385 324867 3000 64385 324867 3500
64435 324867 3000 64435 324867 3500
64485 324867 3000 64485 324867 3500
64535 324867 3000 64535 324867 3500
63535 324917 3000 63535 324917 3500
63585 324917 3000 63585 324917 3500
63635 324917 3000 63635 324917 3500
63685 324917 3000 63685 324917 3500
63735 324917 3000 63735 324917 3500
63785 324917 3000 63785 324917 3500
63835 324917 3000 63835 324917 3500
63885 324917 3000 63885 324917 3500
63935 324917 3000 63935 324917 3500
63985 324917 3000 63985 324917 3500
64035 324917 3000 64035 324917 3500
64085 324917 3000 64085 324917 3500
64135 324917 3000 64135 324917 3500
64185 324917 3000 64185 324917 3500
64235 324917 3000 64235 324917 3500
64285 324917 3000 64285 324917 3500
64335 324917 3000 64335 324917 3500
64385 324917 3000 64385 324917 3500
64435 324917 3000 64435 324917 3500
64485 324917 3000 64485 324917 3500
64535 324917 3000 64535 324917 3500
63535 324967 3000 63535 324967 3500
63585 324967 3000 63585 324967 3500
63635 324967 3000 63635 324967 3500
63685 324967 3000 63685 324967 3500
63735 324967 3000 63735 324967 3500
63785 324967 3000 63785 324967 3500
63835 324967 3000 63835 324967 3500
63885 324967 3000 63885 324967 3500
63935 324967 3000 63935 324967 3500
63985 324967 3000 63985 324967 3500
64035 324967 3000 64035 324967 3500
64085 324967 3000 64085 324967 3500
64135 324967 3000 64135 324967 3500
64185 324967 3000 64185 324967 3500
64235 324967 3000 64235 324967 3500
64285 324967 3000 64285 324967 3500
64335 324967 3000 64335 324967 3500
64385 324967 3000 64385 324967 3500
64435 324967 3000 64435 324967 3500
64485 324967 3000 64485 324967 3500
64535 324967 3000 64535 324967 3500
63535 325017 3000 63535 325017 3500
63585 325017 3000 63585 325017 3500
63635 325017 3000 63635 325017 3500
63685 325017 3000 63685 325017 3500
63735 325017 3000 63735 325017 3500
63785 325017 3000 63785 325017 3500
63835 325017 3000 63835 325017 3500
63885 325017 3000 63885 325017 3500
63935 325017 3000 63935 325017 3500
63985 325017 3000 63985 325017 3500
64035 325017 3000 64035 325017 3500
64085 325017 3000 64085 325017 3500
64135 325017 3000 64135 325017 3500
64185 325017 3000 64185 325017 3500
64235 325017 3000 64235 325017 3500
64285 325017 3000 64285 325017 3500
64335 325017 3000 64335 325017 3500
64385 325017 3000 64385 325017 3500
64435 325017 3000 64435 325017 3500
64485 325017 3000 64485 325017 3500
64535 325017 3000 64535 325017 3500
63535 325067 3000 63535 325067 3500
63585 325067 3000 63585 325067 3500
63635 325067 3000 63635 325067 3500
63685 325067 3000 63685 325067 3500
63735 325067 3000 63735 325067 3500
63785 325067 3000 63785 325067 3500
63835 325067 3000 63835 325067 3500
63885 325067 3000 63885 325067 3500
63935 325067 3000 63935 325067 3500
63985 325067 3000 63985 325067 3500
64035 325067 3000 64035 325067 3500
64085 325067 3000 64085 325067 3500
64135 325067 3000 64135 325067 3500
64185 325067 3000 64185 325067 3500
64235 325067 3000 64235 325067 3500
64285 325067 3000 64285 325067 3500
64335 325067 3000 64335 325067 3500
64385 325067 3000 64385 325067 3500
64435 325067 3000 64435 325067 3500
64485 325067 3000 64485 325067 3500
64535 325067 3000 64535 325067 3500
63535 325117 3000 63535 325117 3500
63585 325117 3000 63585 325117 3500
63635 325117 3000 63635 325117 3500
63685 325117 3000 63685 325117 3500
63735 325117 3000 63735 325117 3500
63785 325117 3000 63785 325117 3500
63835 325117 3000 63835 325117 3500
63885 325117 3000 63885 325117 3500
63935 325117 3000 63935 325117 3500
63985 325117 3000 63985 325117 3500
64035 325117 3000 64035 325117 3500
64085 325117 3000 64085 325117 3500
64135 325117 3000 64135 325117 3500
64185 325117 3000 64185 325117 3500
64235 325117 3000 64235 325117 3500
64285 325117 3000 64285 325117 3500
64335 325117 3000 64335 325117 3500
64385 325117 3000 64385 325117 3500
64435 325117 3000 64435 325117 3500
64485 325117 3000 64485 325117 3500
64535 325117 3000 64535 325117 3500
63535 325167 3000 63535 325167 3500
63585 325167 3000 63585 325167 3500
63635 325167 3000 63635 325167 3500
63685 325167 3000 63685 325167 3500
63735 325167 3000 63735 325167 3500
63785 325167 3000 63785 325167 3500
63835 325167 3000 63835 325167 3500
63885 325167 3000 63885 325167 3500
63935 325167 3000 63935 325167 3500
63985 325167 3000 63985 325167 3500
64035 325167 3000 64035 325167 3500
64085 325167 3000 64085 325167 3500
64135 325167 3000 64135 325167 3500
64185 325167 3000 64185 325167 3500
64235 325167 3000 64235 325167 3500
64285 325167 3000 64285 325167 3500
64335 325167 3000 64335 325167 3500
64385 325167 3000 64385 325167 3500
64435 325167 3000 64435 325167 3500
64485 325167 3000 64485 325167 3500
64535 325167 3000 64535 325167 3500
63535 325217 3000 63535 325217 3500
63585 325217 3000 63585 325217 3500
63635 325217 3000 63635 325217 3500
63685 325217 3000 63685 325217 3500
63735 325217 3000 63735 325217 3500
63785 325217 3000 63785 325217 3500
63835 325217 3000 63835 325217 3500
63885 325217 3000 63885 325217 3500
63935 325217 3000 63935 325217 3500
63985 325217 3000 63985 325217 3500
64035 325217 3000 64035 325217 3500
64085 325217 3000 64085 325217 3500
64135 325217 3000 64135 325217 3500
64185 325217 3000 64185 325217 3500
64235 325217 3000 64235 325217 3500
64285 325217 3000 64285 325217 3500
64335 325217 3000 64335 325217 3500
64385 325217 3000 64385 325217 3500
64435 325217 3000 64435 325217 3500
64485 325217 3000 64485 325217 3500
64535 325217 3000 64535 325217 3500
63535 325267 3000 63535 325267 3500
63585 325267 3000 63585 325267 3500
63635 325267 3000 63635 325267 3500
63685 325267 3000 63685 325267 3500
63735 325267 3000 63735 325267 3500
63785 325267 3000 63785 325267 3500
63835 325267 3000 63835 325267 3500
63885 325267 3000 63885 325267 3500
63935 325267 3000 63935 325267 3500
63985 325267 3000 63985 325267 3500
64035 325267 3000 64035 325267 3500
64085 325267 3000 64085 325267 3500
64135 325267 3000 64135 325267 3500
64185 325267 3000 64185 325267 3500
64235 325267 3000 64235 325267 3500
64285 325267 3000 64285 325267 3500
64335 325267 3000 64335 325267 3500
64385 325267 3000 64385 325267 3500
64435 325267 3000 64435 325267 3500
64485 325267 3000 64485 325267 3500
64535 325267 3000 64535 325267 3500
63535 325317 3000 63535 325317 3500
63585 325317 3000 63585 325317 3500
63635 325317 3000 63635 325317 3500
63685 325317 3000 63685 325317 3500
63735 325317 3000 63735 325317 3500
63785 325317 3000 63785 325317 3500
63835 325317 3000 63835 325317 3500
63885 325317 3000 63885 325317 3500
63935 325317 3000 63935 325317 3500
63985 325317 3000 63985 325317 3500
64035 325317 3000 64035 325317 3500
64085 325317 3000 64085 325317 3500
64135 325317 3000 64135 325317 3500
64185 325317 3000 64185 325317 3500
64235 325317 3000 64235 325317 3500
64285 325317 3000 64285 325317 3500
64335 325317 3000 64335 325317 3500
64385 325317 3000 64385 325317 3500
64435 325317 3000 64435 325317 3500
64485 325317 3000 64485 325317 3500
64535 325317 3000 64535 325317 3500
63535 325367 3000 63535 325367 3500
63585 325367 3000 63585 325367 3500
63635 325367 3000 63635 325367 3500
63685 325367 3000 63685 325367 3500
63735 325367 3000 63735 325367 3500
63785 325367 3000 63785 325367 3500
63835 325367 3000 63835 325367 3500
63885 325367 3000 63885 325367 3500
63935 325367 3000 63935 325367 3500
63985 325367 3000 63985 325367 3500
64035 325367 3000 64035 325367 3500
64085 325367 3000 64085 325367 3500
64135 325367 3000 64135 325367 3500
64185 325367 3000 64185 325367 3500
64235 325367 3000 64235 325367 3500
64285 325367 3000 64285 325367 3500
64335 325367 3000 64335 325367 3500
64385 325367 3000 64385 325367 3500
64435 325367 3000 64435 325367 3500
64485 325367 3000 64485 325367 3500
64535 325367 3000 64535 325367 3500
63535 325417 3000 63535 325417 3500
63585 325417 3000 63585 325417 3500
63635 325417 3000 63635 325417 3500
63685 325417 3000 63685 325417 3500
63735 325417 3000 63735 325417 3500
63785 325417 3000 63785 325417 3500
63835 325417 3000 63835 325417 3500
63885 325417 3000 63885 325417 3500
63935 325417 3000 63935 325417 3500
63985 325417 3000 63985 325417 3500
64035 325417 3000 64035 325417 3500
64085 325417 3000 64085 325417 3500
64135 325417 3000 64135 325417 3500
64185 325417 3000 64185 325417 3500
64235 325417 3000 64235 325417 3500
64285 325417 3000 64285 325417 3500
64335 325417 3000 64335 325417 3500
64385 325417 3000 64385 325417 3500
64435 325417 3000 64435 325417 3500
64485 325417 3000 64485 325417 3500
64535 325417 3000 64535 325417 3500
63535 325467 3000 63535 325467 3500
63585 325467 3000 63585 325467 3500
63635 325467 3000 63635 325467 3500
63685 325467 3000 63685 325467 3500
63735 325467 3000 63735 325467 3500
63785 325467 3000 63785 325467 3500
63835 325467 3000 63835 325467 3500
63885 325467 3000 63885 325467 3500
63935 325467 3000 63935 325467 3500
63985 325467 3000 63985 325467 3500
64035 325467 3000 64035 325467 3500
64085 325467 3000 64085 325467 3500
64135 325467 3000 64135 325467 3500
64185 325467 3000 64185 325467 3500
64235 325467 3000 64235 325467 3500
64285 325467 3000 64285 325467 3500
64335 325467 3000 64335 325467 3500
64385 325467 3000 64385 325467 3500
64435 325467 3000 64435 325467 3500
64485 325467 3000 64485 325467 3500
64535 325467 3000 64535 325467 3500
63535 325517 3000 63535 325517 3500
63585 325517 3000 63585 325517 3500
63635 325517 3000 63635 325517 3500
63685 325517 3000 63685 325517 3500
63735 325517 3000 63735 325517 3500
63785 325517 3000 63785 325517 3500
63835 325517 3000 63835 325517 3500
63885 325517 3000 63885 325517 3500
63935 325517 3000 63935 325517 3500
63985 325517 3000 63985 325517 3500
64035 325517 3000 64035 325517 3500
64085 325517 3000 64085 325517 3500
64135 325517 3000 64135 325517 3500
64185 325517 3000 64185 325517 3500
64235 325517 3000 64235 325517 3500
64285 325517 3000 64285 325517 3500
64335 325517 3000 64335 325517 3500
64385 325517 3000 64385 325517 3500
64435 325517 3000 64435 325517 3500
64485 325517 3000 64485 325517 3500
64535 325517 3000 64535 325517 3500
63535 325567 3000 63535 325567 3500
63585 325567 3000 63585 325567 3500
63635 325567 3000 63635 325567 3500
63685 325567 3000 63685 325567 3500
63735 325567 3000 63735 325567 3500
63785 325567 3000 63785 325567 3500
63835 325567 3000 63835 325567 3500
63885 325567 3000 63885 325567 3500
63935 325567 3000 63935 325567 3500
63985 325567 3000 63985 325567 3500
64035 325567 3000 64035 325567 3500
64085 325567 3000 64085 325567 3500
64135 325567 3000 64135 325567 3500
64185 325567 3000 64185 325567 3500
64235 325567 3000 64235 325567 3500
64285 325567 3000 64285 325567 3500
64335 325567 3000 64335 325567 3500
64385 325567 3000 64385 325567 3500
64435 325567 3000 64435 325567 3500
64485 325567 3000 64485 325567 3500
64535 325567 3000 64535 325567 3500
63535 325617 3000 63535 325617 3500
63585 325617 3000 63585 325617 3500
63635 325617 3000 63635 325617 3500
63685 325617 3000 63685 325617 3500
63735 325617 3000 63735 325617 3500
63785 325617 3000 63785 325617 3500
63835 325617 3000 63835 325617 3500
63885 325617 3000 63885 325617 3500
63935 325617 3000 63935 325617 3500
63985 325617 3000 63985 325617 3500
64035 325617 3000 64035 325617 3500
64085 325617 3000 64085 325617 3500
64135 325617 3000 64135 325617 3500
64185 325617 3000 64185 325617 3500
64235 325617 3000 64235 325617 3500
64285 325617 3000 64285 325617 3500
64335 325617 3000 64335 325617 3500
64385 325617 3000 64385 325617 3500
64435 325617 3000 64435 325617 3500
64485 325617 3000 64485 325617 3500
64535 325617 3000 64535 325617 3500
63535 325667 3000 63535 325667 3500
63585 325667 3000 63585 325667 3500
63635 325667 3000 63635 325667 3500
63685 325667 3000 63685 325667 3500
63735 325667 3000 63735 325667 3500
63785 325667 3000 63785 325667 3500
63835 325667 3000 63835 325667 3500
63885 325667 3000 63885 325667 3500
63935 325667 3000 63935 325667 3500
63985 325667 3000 63985 325667 3500
64035 325667 3000 64035 325667 3500
64085 325667 3000 64085 325667 3500
64135 325667 3000 64135 325667 3500
64185 325667 3000 64185 325667 3500
64235 325667 3000 64235 325667 3500
64285 325667 3000 64285 325667 3500
64335 325667 3000 64335 325667 3500
64385 325667 3000 64385 325667 3500
64435 325667 3000 64435 325667 3500
64485 325667 3000 64485 325667 3500
64535 325667 3000 64535 325667 3500
63535 325717 3000 63535 325717 3500
63585 325717 3000 63585 325717 3500
63635 325717 3000 63635 325717 3500
63685 325717 3000 63685 325717 3500
63735 325717 3000 63735 325717 3500
63785 325717 3000 63785 325717 3500
63835 325717 3000 63835 325717 3500
63885 325717 3000 63885 325717 3500
63935 325717 3000 63935 325717 3500
63985 325717 3000 63985 325717 3500
64035 325717 3000 64035 325717 3500
64085 325717 3000 64085 325717 3500
64135 325717 3000 64135 325717 3500
64185 325717 3000 64185 325717 3500
64235 325717 3000 64235 325717 3500
64285 325717 3000 64285 325717 3500
64335 325717 3000 64335 325717 3500
64385 325717 3000 64385 325717 3500
64435 325717 3000 64435 325717 3500
64485 325717 3000 64485 325717 3500
64535 325717 3000 64535 325717 3500
63535 325767 3000 63535 325767 3500
63585 325767 3000 63585 325767 3500
63635 325767 3000 63635 325767 3500
63685 325767 3000 63685 325767 3500
63735 325767 3000 63735 325767 3500
63785 325767 3000 63785 325767 3500
63835 325767 3000 63835 325767 3500
63885 325767 3000 63885 325767 3500
63935 325767 3000 63935 325767 3500
63985 325767 3000 63985 325767 3500
64035 325767 3000 64035 325767 3500
64085 325767 3000 64085 325767 3500
64135 325767 3000 64135 325767 3500
64185 325767 3000 64185 325767 3500
64235 325767 3000 64235 325767 3500
64285 325767 3000 64285 325767 3500
64335 325767 3000 64335 325767 3500
64385 325767 3000 64385 325767 3500
64435 325767 3000 64435 325767 3500
64485 325767 3000 64485 325767 3500
64535 325767 3000 64535 325767 3500
63535 325817 3000 63535 325817 3500
63585 325817 3000 63585 325817 3500
63635 325817 3000 63635 325817 3500
63685 325817 3000 63685 325817 3500
63735 325817 3000 63735 325817 3500
63785 325817 3000 63785 325817 3500
63835 325817 3000 63835 325817 3500
63885 325817 3000 63885 325817 3500
63935 325817 3000 63935 325817 3500
63985 325817 3000 63985 325817 3500
64035 325817 3000 64035 325817 3500
64085 325817 3000 64085 325817 3500
64135 325817 3000 64135 325817 3500
64185 325817 3000 64185 325817 3500
64235 325817 3000 64235 325817 3500
64285 325817 3000 64285 325817 3500
64335 325817 3000 64335 325817 3500
64385 325817 3000 64385 325817 3500
64435 325817 3000 64435 325817 3500
64485 325817 3000 64485 325817 3500
64535 325817 3000 64535 325817 3500
63535 325867 3000 63535 325867 3500
63585 325867 3000 63585 325867 3500
63635 325867 3000 63635 325867 3500
63685 325867 3000 63685 325867 3500
63735 325867 3000 63735 325867 3500
63785 325867 3000 63785 325867 3500
63835 325867 3000 63835 325867 3500
63885 325867 3000 63885 325867 3500
63935 325867 3000 63935 325867 3500
63985 325867 3000 63985 325867 3500
64035 325867 3000 64035 325867 3500
64085 325867 3000 64085 325867 3500
64135 325867 3000 64135 325867 3500
64185 325867 3000 64185 325867 3500
64235 325867 3000 64235 325867 3500
64285 325867 3000 64285 325867 3500
64335 325867 3000 64335 325867 3500
64385 325867 3000 64385 325867 3500
64435 325867 3000 64435 325867 3500
64485 325867 3000 64485 325867 3500
64535 325867 3000 64535 325867 3500
63535 325917 3000 63535 325917 3500
63585 325917 3000 63585 325917 3500
63635 325917 3000 63635 325917 3500
63685 325917 3000 63685 325917 3500
63735 325917 3000 63735 325917 3500
63785 325917 3000 63785 325917 3500
63835 325917 3000 63835 325917 3500
63885 325917 3000 63885 325917 3500
63935 325917 3000 63935 325917 3500
63985 325917 3000 63985 325917 3500
64035 325917 3000 64035 325917 3500
64085 325917 3000 64085 325917 3500
64135 325917 3000 64135 325917 3500
64185 325917 3000 64185 325917 3500
64235 325917 3000 64235 325917 3500
64285 325917 3000 64285 325917 3500
64335 325917 3000 64335 325917 3500
64385 325917 3000 64385 325917 3500
64435 325917 3000 64435 325917 3500
64485 325917 3000 64485 325917 3500
64535 325917 3000 64535 325917 3500
63535 325967 3000 63535 325967 3500
63585 325967 3000 63585 325967 3500
63635 325967 3000 63635 325967 3500
63685 325967 3000 63685 325967 3500
63735 325967 3000 63735 325967 3500
63785 325967 3000 63785 325967 3500
63835 325967 3000 63835 325967 3500
63885 325967 3000 63885 325967 3500
63935 325967 3000 63935 325967 3500
63985 325967 3000 63985 325967 3500
64035 325967 3000 64035 325967 3500
64085 325967 3000 64085 325967 3500
64135 325967 3000 64135 325967 3500
64185 325967 3000 64185 325967 3500
64235 325967 3000 64235 325967 3500
64285 325967 3000 64285 325967 3500
64335 325967 3000 64335 325967 3500
64385 325967 3000 64385 325967 3500
64435 325967 3000 64435 325967 3500
64485 325967 3000 64485 325967 3500
64535 325967 3000 64535 325967 3500
63535 326017 3000 63535 326017 3500
63585 326017 3000 63585 326017 3500
63635 326017 3000 63635 326017 3500
63685 326017 3000 63685 326017 3500
63735 326017 3000 63735 326017 3500
63785 326017 3000 63785 326017 3500
63835 326017 3000 63835 326017 3500
63885 326017 3000 63885 326017 3500
63935 326017 3000 63935 326017 3500
63985 326017 3000 63985 326017 3500
64035 326017 3000 64035 326017 3500
64085 326017 3000 64085 326017 3500
64135 326017 3000 64135 326017 3500
64185 326017 3000 64185 326017 3500
64235 326017 3000 64235 326017 3500
64285 326017 3000 64285 326017 3500
64335 326017 3000 64335 326017 3500
64385 326017 3000 64385 326017 3500
64435 326017 3000 64435 326017 3500
64485 326017 3000 64485 326017 3500
64535 326017 3000 64535 326017 3500
63535 326067 3000 63535 326067 3500
63585 326067 3000 63585 326067 3500
63635 326067 3000 63635 326067 3500
63685 326067 3000 63685 326067 3500
63735 326067 3000 63735 326067 3500
63785 326067 3000 63785 326067 3500
63835 326067 3000 63835 326067 3500
63885 326067 3000 63885 326067 3500
63935 326067 3000 63935 326067 3500
63985 326067 3000 63985 326067 3500
64035 326067 3000 64035 326067 3500
64085 326067 3000 64085 326067 3500
64135 326067 3000 64135 326067 3500
64185 326067 3000 64185 326067 3500
64235 326067 3000 64235 326067 3500
64285 326067 3000 64285 326067 3500
64335 326067 3000 64335 326067 3500
64385 326067 3000 64385 326067 3500
64435 326067 3000 64435 326067 3500
64485 326067 3000 64485 326067 3500
64535 326067 3000 64535 326067 3500
63535 326117 3000 63535 326117 3500
63585 326117 3000 63585 326117 3500
63635 326117 3000 63635 326117 3500
63685 326117 3000 63685 326117 3500
63735 326117 3000 63735 326117 3500
63785 326117 3000 63785 326117 3500
63835 326117 3000 63835 326117 3500
63885 326117 3000 63885 326117 3500
63935 326117 3000 63935 326117 3500
63985 326117 3000 63985 326117 3500
64035 326117 3000 64035 326117 3500
64085 326117 3000 64085 326117 3500
64135 326117 3000 64135 326117 3500
64185 326117 3000 64185 326117 3500
64235 326117 3000 64235 326117 3500
64285 326117 3000 64285 326117 3500
64335 326117 3000 64335 326117 3500
64385 326117 3000 64385 326117 3500
64435 326117 3000 64435 326117 3500
64485 326117 3000 64485 326117 3500
64535 326117 3000 64535 326117 3500
63535 326167 3000 63535 326167 3500
63585 326167 3000 63585 326167 3500
63635 326167 3000 63635 326167 3500
63685 326167 3000 63685 326167 3500
63735 326167 3000 63735 326167 3500
63785 326167 3000 63785 326167 3500
63835 326167 3000 63835 326167 3500
63885 326167 3000 63885 326167 3500
63935 326167 3000 63935 326167 3500
63985 326167 3000 63985 326167 3500
64035 326167 3000 64035 326167 3500
64085 326167 3000 64085 326167 3500
64135 326167 3000 64135 326167 3500
64185 326167 3000 64185 326167 3500
64235 326167 3000 64235 326167 3500
64285 326167 3000 64285 326167 3500
64335 326167 3000 64335 326167 3500
64385 326167 3000 64385 326167 3500
64435 326167 3000 64435 326167 3500
64485 326167 3000 64485 326167 3500
64535 326167 3000 64535 326167 3500
63535 326217 3000 63535 326217 3500
63585 326217 3000 63585 326217 3500
63635 326217 3000 63635 326217 3500
63685 326217 3000 63685 326217 3500
63735 326217 3000 63735 326217 3500
63785 326217 3000 63785 326217 3500
63835 326217 3000 63835 326217 3500
63885 326217 3000 63885 326217 3500
63935 326217 3000 63935 326217 3500
63985 326217 3000 63985 326217 3500
64035 326217 3000 64035 326217 3500
64085 326217 3000 64085 326217 3500
64135 326217 3000 64135 326217 3500
64185 326217 3000 64185 326217 3500
64235 326217 3000 64235 326217 3500
64285 326217 3000 64285 326217 3500
64335 326217 3000 64335 326217 3500
64385 326217 3000 64385 326217 3500
64435 326217 3000 64435 326217 3500
64485 326217 3000 64485 326217 3500
64535 326217 3000 64535 326217 3500
63535 326267 3000 63535 326267 3500
63585 326267 3000 63585 326267 3500
63635 326267 3000 63635 326267 3500
63685 326267 3000 63685 326267 3500
63735 326267 3000 63735 326267 3500
63785 326267 3000 63785 326267 3500
63835 326267 3000 63835 326267 3500
63885 326267 3000 63885 326267 3500
63935 326267 3000 63935 326267 3500
63985 326267 3000 63985 326267 3500
64035 326267 3000 64035 326267 3500
64085 326267 3000 64085 326267 3500
64135 326267 3000 64135 326267 3500
64185 326267 3000 64185 326267 3500
64235 326267 3000 64235 326267 3500
64285 326267 3000 64285 326267 3500
64335 326267 3000 64335 326267 3500
64385 326267 3000 64385 326267 3500
64435 326267 3000 64435 326267 3500
64485 326267 3000 64485 326267 3500
64535 326267 3000 64535 326267 3500
63535 326317 3000 63535 326317 3500
63585 326317 3000 63585 326317 3500
63635 326317 3000 63635 326317 3500
63685 326317 3000 63685 326317 3500
63735 326317 3000 63735 326317 3500
63785 326317 3000 63785 326317 3500
63835 326317 3000 63835 326317 3500
63885 326317 3000 63885 326317 3500
63935 326317 3000 63935 326317 3500
63985 326317 3000 63985 326317 3500
64035 326317 3000 64035 326317 3500
64085 326317 3000 64085 326317 3500
64135 326317 3000 64135 326317 3500
64185 326317 3000 64185 326317 3500
64235 326317 3000 64235 326317 3500
64285 326317 3000 64285 326317 3500
64335 326317 3000 64335 326317 3500
64385 326317 3000 64385 326317 3500
64435 326317 3000 64435 326317 3500
64485 326317 3000 64485 326317 3500
64535 326317 3000 64535 326317 3500
63535 326367 3000 63535 326367 3500
63585 326367 3000 63585 326367 3500
63635 326367 3000 63635 326367 3500
63685 326367 3000 63685 326367 3500
63735 326367 3000 63735 326367 3500
63785 326367 3000 63785 326367 3500
63835 326367 3000 63835 326367 3500
63885 326367 3000 63885 326367 3500
63935 326367 3000 63935 326367 3500
63985 326367 3000 63985 326367 3500
64035 326367 3000 64035 326367 3500
64085 326367 3000 64085 326367 3500
64135 326367 3000 64135 326367 3500
64185 326367 3000 64185 326367 3500
64235 326367 3000 64235 326367 3500
64285 326367 3000 64285 326367 3500
64335 326367 3000 64335 326367 3500
64385 326367 3000 64385 326367 3500
64435 326367 3000 64435 326367 3500
64485 326367 3000 64485 326367 3500
64535 326367 3000 64535 326367 3500
63535 326417 3000 63535 326417 3500
63585 326417 3000 63585 326417 3500
63635 326417 3000 63635 326417 3500
63685 326417 3000 63685 326417 3500
63735 326417 3000 63735 326417 3500
63785 326417 3000 63785 326417 3500
63835 326417 3000 63835 326417 3500
63885 326417 3000 63885 326417 3500
63935 326417 3000 63935 326417 3500
63985 326417 3000 63985 326417 3500
64035 326417 3000 64035 326417 3500
64085 326417 3000 64085 326417 3500
64135 326417 3000 64135 326417 3500
64185 326417 3000 64185 326417 3500
64235 326417 3000 64235 326417 3500
64285 326417 3000 64285 326417 3500
64335 326417 3000 64335 326417 3500
64385 326417 3000 64385 326417 3500
64435 326417 3000 64435 326417 3500
64485 326417 3000 64485 326417 3500
64535 326417 3000 64535 326417 3500
63535 326467 3000 63535 326467 3500
63585 326467 3000 63585 326467 3500
63635 326467 3000 63635 326467 3500
63685 326467 3000 63685 326467 3500
63735 326467 3000 63735 326467 3500
63785 326467 3000 63785 326467 3500
63835 326467 3000 63835 326467 3500
63885 326467 3000 63885 326467 3500
63935 326467 3000 63935 326467 3500
63985 326467 3000 63985 326467 3500
64035 326467 3000 64035 326467 3500
64085 326467 3000 64085 326467 3500
64135 326467 3000 64135 326467 3500
64185 326467 3000 64185 326467 3500
64235 326467 3000 64235 326467 3500
64285 326467 3000 64285 326467 3500
64335 326467 3000 64335 326467 3500
64385 326467 3000 64385 326467 3500
64435 326467 3000 64435 326467 3500
64485 326467 3000 64485 326467 3500
64535 326467 3000 64535 326467 3500
63535 326517 3000 63535 326517 3500
63585 326517 3000 63585 326517 3500
63635 326517 3000 63635 326517 3500
63685 326517 3000 63685 326517 3500
63735 326517 3000 63735 326517 3500
63785 326517 3000 63785 326517 3500
63835 326517 3000 63835 326517 3500
63885 326517 3000 63885 326517 3500
63935 326517 3000 63935 326517 3500
63985 326517 3000 63985 326517 3500
64035 326517 3000 64035 326517 3500
64085 326517 3000 64085 326517 3500
64135 326517 3000 64135 326517 3500
64185 326517 3000 64185 326517 3500
64235 326517 3000 64235 326517 3500
64285 326517 3000 64285 326517 3500
64335 326517 3000 64335 326517 3500
64385 326517 3000 64385 326517 3500
64435 326517 3000 64435 326517 3500
64485 326517 3000 64485 326517 3500
64535 326517 3000 64535 326517 3500
63535 326567 3000 63535 326567 3500
63585 326567 3000 63585 326567 3500
63635 326567 3000 63635 326567 3500
63685 326567 3000 63685 326567 3500
63735 326567 3000 63735 326567 3500
63785 326567 3000 63785 326567 3500
63835 326567 3000 63835 326567 3500
63885 326567 3000 63885 326567 3500
63935 326567 3000 63935 326567 3500
63985 326567 3000 63985 326567 3500
64035 326567 3000 64035 326567 3500
64085 326567 3000 64085 326567 3500
64135 326567 3000 64135 326567 3500
64185 326567 3000 64185 326567 3500
64235 326567 3000 64235 326567 3500
64285 326567 3000 64285 326567 3500
64335 326567 3000 64335 326567 3500
64385 326567 3000 64385 326567 3500
64435 326567 3000 64435 326567 3500
64485 326567 3000 64485 326567 3500
64535 326567 3000 64535 326567 3500
63535 326617 3000 63535 326617 3500
63585 326617 3000 63585 326617 3500
63635 326617 3000 63635 326617 3500
63685 326617 3000 63685 326617 3500
63735 326617 3000 63735 326617 3500
63785 326617 3000 63785 326617 3500
63835 326617 3000 63835 326617 3500
63885 326617 3000 63885 326617 3500
63935 326617 3000 63935 326617 3500
63985 326617 3000 63985 326617 3500
64035 326617 3000 64035 326617 3500
64085 326617 3000 64085 326617 3500
64135 326617 3000 64135 326617 3500
64185 326617 3000 64185 326617 3500
64235 326617 3000 64235 326617 3500
64285 326617 3000 64285 326617 3500
64335 326617 3000 64335 326617 3500
64385 326617 3000 64385 326617 3500
64435 326617 3000 64435 326617 3500
64485 326617 3000 64485 326617 3500
64535 326617 3000 64535 326617 3500
63535 326667 3000 63535 326667 3500
63585 326667 3000 63585 326667 3500
63635 326667 3000 63635 326667 3500
63685 326667 3000 63685 326667 3500
63735 326667 3000 63735 326667 3500
63785 326667 3000 63785 326667 3500
63835 326667 3000 63835 326667 3500
63885 326667 3000 63885 326667 3500
63935 326667 3000 63935 326667 3500
63985 326667 3000 63985 326667 3500
64035 326667 3000 64035 326667 3500
64085 326667 3000 64085 326667 3500
64135 326667 3000 64135 326667 3500
64185 326667 3000 64185 326667 3500
64235 326667 3000 64235 326667 3500
64285 326667 3000 64285 326667 3500
64335 326667 3000 64335 326667 3500
64385 326667 3000 64385 326667 3500
64435 326667 3000 64435 326667 3500
64485 326667 3000 64485 326667 3500
64535 326667 3000 64535 326667 3500
63535 326717 3000 63535 326717 3500
63585 326717 3000 63585 326717 3500
63635 326717 3000 63635 326717 3500
63685 326717 3000 63685 326717 3500
63735 326717 3000 63735 326717 3500
63785 326717 3000 63785 326717 3500
63835 326717 3000 63835 326717 3500
63885 326717 3000 63885 326717 3500
63935 326717 3000 63935 326717 3500
63985 326717 3000 63985 326717 3500
64035 326717 3000 64035 326717 3500
64085 326717 3000 64085 326717 3500
64135 326717 3000 64135 326717 3500
64185 326717 3000 64185 326717 3500
64235 326717 3000 64235 326717 3500
64285 326717 3000 64285 326717 3500
64335 326717 3000 64335 326717 3500
64385 326717 3000 64385 326717 3500
64435 326717 3000 64435 326717 3500
64485 326717 3000 64485 326717 3500
64535 326717 3000 64535 326717 3500
63535 326767 3000 63535 326767 3500
63585 326767 3000 63585 326767 3500
63635 326767 3000 63635 326767 3500
63685 326767 3000 63685 326767 3500
63735 326767 3000 63735 326767 3500
63785 326767 3000 63785 326767 3500
63835 326767 3000 63835 326767 3500
63885 326767 3000 63885 326767 3500
63935 326767 3000 63935 326767 3500
63985 326767 3000 63985 326767 3500
64035 326767 3000 64035 326767 3500
64085 326767 3000 64085 326767 3500
64135 326767 3000 64135 326767 3500
64185 326767 3000 64185 326767 3500
64235 326767 3000 64235 326767 3500
64285 326767 3000 64285 326767 3500
64335 326767 3000 64335 326767 3500
64385 326767 3000 64385 326767 3500
64435 326767 3000 64435 326767 3500
64485 326767 3000 64485 326767 3500
64535 326767 3000 64535 326767 3500
63535 326817 3000 63535 326817 3500
63585 326817 3000 63585 326817 3500
63635 326817 3000 63635 326817 3500
63685 326817 3000 63685 326817 3500
63735 326817 3000 63735 326817 3500
63785 326817 3000 63785 326817 3500
63835 326817 3000 63835 326817 3500
63885 326817 3000 63885 326817 3500
63935 326817 3000 63935 326817 3500
63985 326817 3000 63985 326817 3500
64035 326817 3000 64035 326817 3500
64085 326817 3000 64085 326817 3500
64135 326817 3000 64135 326817 3500
64185 326817 3000 64185 326817 3500
64235 326817 3000 64235 326817 3500
64285 326817 3000 64285 326817 3500
64335 326817 3000 64335 326817 3500
64385 326817 3000 64385 326817 3500
64435 326817 3000 64435 326817 3500
64485 326817 3000 64485 326817 3500
64535 326817 3000 64535 326817 3500
63535 326867 3000 63535 326867 3500
63585 326867 3000 63585 326867 3500
63635 326867 3000 63635 326867 3500
63685 326867 3000 63685 326867 3500
63735 326867 3000 63735 326867 3500
63785 326867 3000 63785 326867 3500
63835 326867 3000 63835 326867 3500
63885 326867 3000 63885 326867 3500
63935 326867 3000 63935 326867 3500
63985 326867 3000 63985 326867 3500
64035 326867 3000 64035 326867 3500
64085 326867 3000 64085 326867 3500
64135 326867 3000 64135 326867 3500
64185 326867 3000 64185 326867 3500
64235 326867 3000 64235 326867 3500
64285 326867 3000 64285 326867 3500
64335 326867 3000 64335 326867 3500
64385 326867 3000 64385 326867 3500
64435 326867 3000 64435 326867 3500
64485 326867 3000 64485 326867 3500
64535 326867 3000 64535 326867 3500